
to hold lid
position: 
  x: 0.3470540509255145
  y: -0.2805681637938778
  z: 0.2708827588802122
orientation: 
  x: 0.1010246540204724
  y: 0.7145014636633752
  z: -0.11242329809043651
  w: 0.683112494212635



13: translation: 
  x: 0.37368479345604827
  y: -0.2347042209560106
  z: 0.24037210237508502
rotation: 
  x: -0.0024490085273467647
  y: 0.003614415820247883
  z: 0.8080461540040085
  w: -0.5891030057255194


  deltaX = 0.3470540509255145 - 0.37368479345604827
  deltaY = -0.2805681637938778 - (-0.2347042209560106)
  deltaZ = 0.2708827588802122 - 0.24037210237508502